    {
		"Alabama": 0.3275890020404333,
		"Alaska": -1.4200163619442492,
		"Arizona": -0.9219260841664791,
		"Arkansas": 1.4876001255109585,
		"California": -1.241828748100886,
		"Colorado": -0.30260443782500346,
		"Connecticut": -1.271524298452185,
		"Delaware": -0.19108473801261994,
		"District of Columbia": 3.735886415833537,
		"Florida": 0.20942808250020306,
		"Georgia": 0.18149559304871588,
		"Guam": -0.0026931296210079836,
		"Hawaii": 0.47807391583352654,
		"Idaho": -0.7081476750755513,
		"Illinois": 0.9608864158335422,
		"Indiana": 0.8957484288205251,
		"Iowa": 0.5182044538082167,
		"Kansas": 0.4265114158335379,
		"Kentucky": 1.4111196247887605,
		"Louisiana": 1.303451071005938,
		"Maine": 0.16663238357546817,
		"Maryland": -0.04563364589485985,
		"Massachusetts": -0.13755108416646067,
		"Michigan": 0.7454120182431581,
		"Minnesota": -1.0630012960308761,
		"Mississippi": 0.16713641583353933,
		"Missouri": 1.7200748486693556,
		"Montana": -1.695499453731685,
		"National": -0.6031760841664706,
		"Nebraska": -1.2086671555950304,
		"Nevada": -1.8755719174997978,
		"New Hampshire": -0.3613944283223063,
		"New Jersey": -1.5978355990918303,
		"New Mexico": -1.380730647658524,
		"New York": -0.37723858416646294,
		"North Carolina": 0.10512983688617084,
		"North Dakota": -0.4089052508331221,
		"Ohio": 1.2252271692582042,
		"Oklahoma": 0.42442808250019937,
		"Oregon": 0.3405739158335379,
		"Pennsylvania": -0.060786971263233625,
		"Puerto Rico": -2.503602220530091,
		"Rhode Island": -0.696026462954336,
		"South Carolina": 1.2236705067426286,
		"South Dakota": -0.7128907580795101,
		"Tennessee": 0.37330195637408536,
		"Texas": 0.10583833891045913,
		"Utah": 0.2876794486204304,
		"Vermont": 1.3645795976517192,
		"Virgin Islands": 1.1858864158335365,
		"Virginia": 0.023937886421762755,
		"Washington": 0.5143403632019599,
		"West Virginia": 0.6216503047224364,
		"Wisconsin": 0.32733972908654607,
		"Wyoming": -1.0341399926171633
	}